Coarse right mesh
84 56
       1       7.50000000      -1.00000000      25.00000000
       2       8.71428571      -1.00000000      32.85714286
       3       9.92857143      -1.00000000      40.71428571
       4      11.14285714      -1.00000000      48.57142857
       5      12.35714286      -1.00000000      56.42857143
       6      13.57142857      -1.00000000      64.28571429
       7      14.78571429      -1.00000000      72.14285714
       8      16.00000000      -1.00000000      80.00000000
       9       7.50000000       0.33333333      25.00000000
      10       8.71428571       0.33333333      32.85714286
      11       9.92857143       0.33333333      40.71428571
      12      11.14285714       0.33333333      48.57142857
      13      12.35714286       0.33333333      56.42857143
      14      13.57142857       0.33333333      64.28571429
      15      14.78571429       0.33333333      72.14285714
      16      16.00000000       0.33333333      80.00000000
      17       7.50000000       1.66666667      25.00000000
      18       8.71428571       1.66666667      32.85714286
      19       9.92857143       1.66666667      40.71428571
      20      11.14285714       1.66666667      48.57142857
      21      12.35714286       1.66666667      56.42857143
      22      13.57142857       1.66666667      64.28571429
      23      14.78571429       1.66666667      72.14285714
      24      16.00000000       1.66666667      80.00000000
      25       7.50000000       3.00000000      25.00000000
      26       8.71428571       3.00000000      32.85714286
      27       9.92857143       3.00000000      40.71428571
      28      11.14285714       3.00000000      48.57142857
      29      12.35714286       3.00000000      56.42857143
      30      13.57142857       3.00000000      64.28571429
      31      14.78571429       3.00000000      72.14285714
      32      16.00000000       3.00000000      80.00000000
      33       7.50000000       4.33333333      25.00000000
      34       8.71428571       4.33333333      32.85714286
      35       9.92857143       4.33333333      40.71428571
      36      11.14285714       4.33333333      48.57142857
      37      12.35714286       4.33333333      56.42857143
      38      13.57142857       4.33333333      64.28571429
      39      14.78571429       4.33333333      72.14285714
      40      16.00000000       4.33333333      80.00000000
      41       7.50000000       5.66666667      25.00000000
      42       8.71428571       5.66666667      32.85714286
      43       9.92857143       5.66666667      40.71428571
      44      11.14285714       5.66666667      48.57142857
      45      12.35714286       5.66666667      56.42857143
      46      13.57142857       5.66666667      64.28571429
      47      14.78571429       5.66666667      72.14285714
      48      16.00000000       5.66666667      80.00000000
      49       7.50000000       7.00000000      25.00000000
      50       8.71428571       7.00000000      32.85714286
      51       9.92857143       7.00000000      40.71428571
      52      11.14285714       7.00000000      48.57142857
      53      12.35714286       7.00000000      56.42857143
      54      13.57142857       7.00000000      64.28571429
      55      14.78571429       7.00000000      72.14285714
      56      16.00000000       7.00000000      80.00000000
       1 3        1        2       10
       2 3        1       10        9
       3 3        2        3       10
       4 3        3       11       10
       5 3        3        4       12
       6 3        3       12       11
       7 3        4        5       12
       8 3        5       13       12
       9 3        5        6       14
      10 3        5       14       13
      11 3        6        7       14
      12 3        7       15       14
      13 3        7        8       16
      14 3        7       16       15
      15 3        9       10       17
      16 3       10       18       17
      17 3       10       11       19
      18 3       10       19       18
      19 3       11       12       19
      20 3       12       20       19
      21 3       12       13       21
      22 3       12       21       20
      23 3       13       14       21
      24 3       14       22       21
      25 3       14       15       23
      26 3       14       23       22
      27 3       15       16       23
      28 3       16       24       23
      29 3       17       18       26
      30 3       17       26       25
      31 3       18       19       26
      32 3       19       27       26
      33 3       19       20       28
      34 3       19       28       27
      35 3       20       21       28
      36 3       21       29       28
      37 3       21       22       30
      38 3       21       30       29
      39 3       22       23       30
      40 3       23       31       30
      41 3       23       24       32
      42 3       23       32       31
      43 3       25       26       33
      44 3       26       34       33
      45 3       26       27       35
      46 3       26       35       34
      47 3       27       28       35
      48 3       28       36       35
      49 3       28       29       37
      50 3       28       37       36
      51 3       29       30       37
      52 3       30       38       37
      53 3       30       31       39
      54 3       30       39       38
      55 3       31       32       39
      56 3       32       40       39
      57 3       33       34       42
      58 3       33       42       41
      59 3       34       35       42
      60 3       35       43       42
      61 3       35       36       44
      62 3       35       44       43
      63 3       36       37       44
      64 3       37       45       44
      65 3       37       38       46
      66 3       37       46       45
      67 3       38       39       46
      68 3       39       47       46
      69 3       39       40       48
      70 3       39       48       47
      71 3       41       42       49
      72 3       42       50       49
      73 3       42       43       51
      74 3       42       51       50
      75 3       43       44       51
      76 3       44       52       51
      77 3       44       45       53
      78 3       44       53       52
      79 3       45       46       53
      80 3       46       54       53
      81 3       46       47       55
      82 3       46       55       54
      83 3       47       48       55
      84 3       48       56       55
1
7
7 0
1
9
17
25
33
41
49
1
23
23 0
8
7
6
5
4
3
2
1
8
16
24
32
40
48
56
56
55
54
53
52
51
50
49
